850066255472885800
720351927581278219
159985870458322944
458276816071950337
557628352828014614
924572931927978044
924574446524702720
924567274373910529
924558935774621696
924558905156182036
924578680515199047
924573658385621012
912788448170102864
302050872383242240
924572333832798219
924581134174654485
899926678262935552
916289650627338260
924567378690445352
924577302623420436
361945631712870413
924567680143458344
924579945412431922
924571980924088370
924574245395243099
306070363257700352
924569069011742740
924584697839898645
924559757258412063
532296763688747029
924576445123149846
924579987535855666
924583427833991259
906570997975629844
924560229369270293
924583395965685800
924578110752587806
924583013243813950
924569886020218891
924578703655174184
924570943970488360
715536714679975998
924513636880375869
619580698495549444
921844448894263356
924513633168404492
908304701697708042
914597814061916250
924513573919670272
924513628625985576
916290160856014908
925183760918511656
884277026155003974
918766389999833149
759025059737501696
483816420778704898
924513638151225404
814108342967599136
868857288960663552
924513629657763883
924513571256303646
924513567946977323
664519463227359248
911921475383095317
915122431818072124
924513656719437829
890490715702972416
924513565573009468
924513567552712775
916290161514520596
924513563396169741
924513509117677598
924513571621175356
903561853727285268
924513439588708394
924513505720303621
843433502401626133
758964652767051817
924513508857614406
916290161699094538
916290160071671858
924513564679606303
924513054987784222
924513636179910656
912818508688154685
924513639392739369
924513505414098945
924513436434587668
205247508455227393
924513635995377754
282729025149992960
887135576002805802
924513570958475335
924513570358702090
924513632254062653
924513638398705664
924513571247906866
924513568110575656
924513633600430104
924513571566665763
879980825523912734
663717810760974336
924513567208775690
668272123747500073
924513566990688256
924513501920247828
924513565916921926
924513566084694049
916290168636456980
893511457663221850
855797613596639302
916290103788314634
841410324308426783
917498339493285919
924513509335785552
924513640814641202
924513565380067328
564601593899515906
915936219525971979
924513569150734379
901799775014383646
924513570794922075
924513574234234880
745947652520149066
793530349401538580
915261276177977365
398080986505805846
924513499089096774
924513371712258060
924513511156105259
926292079729082418
924513635286544496
925482369895510027
924513442000416892
558764886566502401
924513375994658817
924513693969031189
876093051578228756
886266431627481128
924513571013005322
452969418880974858
895534381832241153
908319622711881758
924513310848725002
740033833860202518
906152816148635648
859523547360526366
924513568337035264
924513632258248714
924513640248406026
924513634711928872
925389980044525588
818916433986584596
924513698071064637
924513510183043072
924513563278729256
889893141145079850
924513505921617972
924513634804199474
924513630802821130
561914837387444265
924513442679881779
924513573135335474
924513506143912007
924513566294425602
924513572803973150
924513636750352437
924513694770147328
924513568899072033
924513567229739020
924513573491867649
754726375167885333
924513638344163419
481363899170684928
865240884432601108
916290180372119582
924513506206814309
917879529119293462
916290161552261181
924513519158845512
916290177767456828
924513636687417376
924513570371285003
918286168104267847
917732560417742869
902799061961285694
924513498497699850
780001819413446667
924513629179621426
924513566357352469
924513503207911435
924513567317827674
924513568043454515
924513567686922251
924513566546096198
885302127814123582
891855137335820410
887892180826484826
916290166107295744
924513571566665759
916290178862161960
924513569150734377
924513569725358093
924513507213463602
924513566885814304
887720081273012254
924513570199306240
916290171417276436
916290176634990645
916290171639566356
